const uint16_t LUT[1041] = {
    0, 17, 24, 27, 31, 33, 35, 36, 38, 40, 
    42, 46, 50, 53, 55, 56, 58, 60, 61, 63, 
    65, 66, 68, 69, 71, 73, 74, 76, 77, 79, 
    81, 82, 84, 85, 86, 88, 89, 90, 92, 93, 
    94, 96, 97, 99, 101, 102, 104, 106, 108, 110, 
    112, 115, 116, 118, 119, 121, 122, 124, 126, 127, 
    129, 131, 132, 134, 135, 137, 138, 139, 140, 142, 
    143, 144, 146, 147, 148, 149, 150, 151, 152, 154, 
    155, 156, 157, 158, 159, 160, 161, 162, 164, 165, 
    166, 167, 168, 169, 170, 171, 172, 173, 174, 175, 
    177, 178, 179, 180, 181, 182, 184, 185, 186, 187, 
    188, 189, 190, 191, 192, 193, 194, 195, 196, 197, 
    199, 200, 202, 203, 205, 206, 208, 209, 210, 211, 
    212, 213, 215, 216, 217, 218, 219, 220, 221, 222, 
    223, 224, 225, 226, 227, 228, 230, 231, 233, 235, 
    236, 238, 239, 240, 242, 243, 244, 245, 246, 247, 
    248, 249, 250, 251, 252, 252, 253, 254, 255, 256, 
    257, 258, 258, 259, 260, 261, 262, 263, 263, 264, 
    265, 266, 267, 267, 268, 269, 270, 271, 272, 274, 
    275, 276, 278, 279, 280, 282, 283, 284, 285, 286, 
    287, 288, 289, 291, 292, 293, 294, 295, 296, 297, 
    298, 299, 300, 301, 302, 303, 304, 305, 306, 307, 
    308, 309, 310, 311, 312, 314, 315, 316, 317, 318, 
    320, 321, 322, 323, 324, 325, 325, 326, 327, 328, 
    329, 329, 330, 331, 332, 333, 334, 335, 336, 337, 
    339, 340, 341, 342, 343, 345, 347, 349, 350, 352, 
    354, 355, 355, 356, 357, 358, 359, 360, 361, 362, 
    363, 364, 366, 367, 369, 370, 372, 373, 375, 376, 
    378, 379, 381, 383, 384, 385, 386, 387, 387, 388, 
    389, 390, 390, 391, 392, 392, 393, 394, 395, 395, 
    397, 398, 399, 400, 401, 402, 403, 404, 405, 406, 
    407, 408, 409, 410, 411, 412, 413, 414, 415, 416, 
    418, 419, 421, 422, 423, 425, 426, 427, 428, 429, 
    430, 430, 431, 432, 433, 434, 434, 435, 436, 437, 
    438, 440, 441, 443, 444, 446, 447, 448, 449, 450, 
    451, 452, 453, 454, 455, 456, 456, 457, 458, 460, 
    461, 462, 463, 464, 465, 466, 468, 468, 469, 470, 
    471, 472, 472, 473, 474, 475, 476, 476, 477, 478, 
    479, 480, 480, 481, 482, 483, 484, 484, 485, 486, 
    487, 488, 488, 489, 490, 491, 492, 493, 494, 495, 
    496, 497, 498, 499, 500, 501, 502, 503, 504, 505, 
    506, 507, 508, 509, 510, 511, 512, 513, 514, 515, 
    515, 516, 517, 518, 519, 520, 521, 522, 523, 523, 
    524, 525, 526, 527, 528, 529, 530, 530, 531, 532, 
    533, 534, 535, 536, 537, 538, 539, 540, 541, 542, 
    543, 544, 545, 546, 547, 548, 549, 550, 551, 552, 
    553, 554, 555, 556, 557, 558, 559, 560, 561, 562, 
    563, 563, 564, 565, 566, 567, 567, 568, 569, 570, 
    571, 572, 572, 573, 574, 575, 576, 577, 578, 579, 
    580, 581, 582, 583, 584, 585, 586, 586, 587, 588, 
    589, 590, 591, 592, 592, 593, 594, 595, 596, 597, 
    598, 599, 600, 601, 602, 603, 604, 605, 606, 608, 
    609, 610, 611, 612, 613, 614, 615, 617, 619, 620, 
    622, 624, 625, 626, 627, 628, 629, 630, 631, 632, 
    633, 634, 635, 636, 637, 638, 639, 639, 640, 641, 
    642, 643, 644, 645, 646, 646, 647, 648, 649, 650, 
    651, 652, 653, 654, 654, 655, 656, 657, 659, 660, 
    661, 662, 663, 664, 665, 666, 667, 668, 668, 669, 
    670, 671, 672, 673, 673, 674, 675, 676, 678, 679, 
    681, 683, 685, 687, 687, 688, 688, 689, 689, 690, 
    690, 691, 691, 692, 692, 693, 693, 694, 694, 695, 
    695, 696, 696, 697, 698, 699, 700, 700, 701, 702, 
    703, 704, 705, 706, 707, 708, 710, 711, 712, 713, 
    715, 716, 717, 718, 719, 720, 720, 721, 722, 722, 
    723, 724, 724, 725, 726, 726, 727, 728, 729, 730, 
    731, 731, 732, 733, 734, 735, 736, 737, 738, 739, 
    740, 741, 741, 742, 743, 744, 744, 745, 746, 747, 
    748, 748, 749, 750, 751, 752, 753, 754, 754, 755, 
    756, 757, 758, 759, 760, 760, 761, 762, 763, 764, 
    765, 766, 767, 768, 768, 769, 770, 771, 772, 773, 
    773, 774, 775, 776, 777, 778, 778, 779, 780, 781, 
    782, 783, 784, 785, 786, 787, 788, 788, 789, 790, 
    792, 794, 796, 797, 799, 801, 802, 802, 803, 804, 
    804, 805, 806, 807, 807, 808, 809, 809, 810, 811, 
    812, 813, 814, 816, 817, 818, 820, 821, 822, 823, 
    824, 825, 827, 828, 829, 830, 831, 832, 833, 834, 
    835, 835, 836, 837, 838, 838, 839, 840, 841, 842, 
    842, 853, 854, 854, 855, 856, 856, 857, 857, 858, 
    859, 859, 860, 861, 861, 862, 863, 863, 864, 864, 
    865, 865, 866, 866, 867, 867, 868, 869, 869, 870, 
    870, 871, 871, 872, 872, 873, 873, 874, 875, 876, 
    876, 877, 878, 879, 879, 880, 881, 882, 882, 883, 
    884, 885, 887, 888, 889, 891, 892, 893, 895, 896, 
    897, 899, 900, 901, 903, 904, 905, 905, 906, 906, 
    906, 907, 907, 908, 908, 908, 909, 909, 910, 910, 
    910, 911, 911, 912, 912, 912, 913, 913, 913, 914, 
    914, 915, 915, 915, 916, 916, 917, 917, 918, 918, 
    919, 919, 920, 920, 921, 921, 922, 922, 923, 923, 
    924, 924, 925, 925, 926, 927, 927, 928, 929, 929, 
    930, 931, 932, 932, 933, 934, 934, 935, 936, 936, 
    937, 938, 938, 939, 940, 941, 941, 942, 943, 943, 
    944, 945, 945, 946, 947, 947, 948, 949, 950, 950, 
    951, 952, 953, 953, 954, 955, 955, 956, 957, 958, 
    958, 959, 960, 960, 961, 962, 963, 963, 964, 965, 
    966, 966, 967, 968, 968, 969, 970, 971, 972, 972, 
    973, 974, 975, 976, 976, 977, 978, 978, 979, 980, 
    980, 981, 981, 982, 982, 983, 984, 984, 985, 985, 
    986, 986, 987, 988, 988, 990, 991, 992, 994, 995, 
    996, 998, 999, 999, 1000, 1001, 1001, 1002, 1003, 1003, 
    1004, 1005, 1005, 1006, 1006, 1007, 1008, 1008, 1009, 1011, 
    1013, 1015, 1017, 1019, 1019, 1020, 1020, 1020, 1021, 1021, 
    1021, 1021, 1022, 1022, 1022, 1023, 1023, 1023, 1023, 1024, 
    1024, 1024, 1024, 1025, 1025, 1025, 1026, 1026, 1026, 1026, 
    1027, 1027, 1027, 1028, 1028, 1028, 1028, 1029, 1029, 1029, 
    1030};
